6
16
0
786000
1703000
2740000
3907000
5197000
6621000
8205000
9946000
11861000
13993500
16270000
18751000
21359000
24090730
24200000
16
0.5
1.0
1.5
2.0
2.5
3.0
3.5
4.0
4.5
5.0
5.5
6.0
6.1
6.2
6.3
6.4
6.1 6.1 6.1 6.1 6.1 6.1 6.2 6.2 6.2 6.2 6.3 6.3 6.3 6.3 6.3 6.4
10.8858300654	11.0158169935	11.1783006536	11.3407843137	11.5032679739	11.6576742554	11.8120805369	11.9334375287	12.0547945205	12.0963627775	12.1379310345	12.3022988506	12.4666666667	12.5492492492	12.6318318318	12.6351351351
10.8858300654	11.0158169935	11.1783006536	11.3407843137	11.5032679739	11.6576742554	11.8120805369	11.9334375287	12.0547945205	12.0963627775	12.1379310345	12.3022988506	12.4666666667	12.5492492492	12.6318318318	12.6351351351
10.8858300654	11.0158169935	11.1783006536	11.3407843137	11.5032679739	11.67705345	11.8508389262	12.0206249425	12.1904109589	12.2906077783	12.3908045977	12.4287356322	12.4666666667	12.5828314248	12.6989961829	12.7036427732
13.2345098039	13.3725490196	13.5450980392	13.7176470588	13.8901960784	13.9043722328	13.9185483871	14.0359408602	14.1533333333	14.2917204301	14.4301075269	14.4750537634	14.52	14.6700426257	14.8200852515	14.8260869565
12.7041666667	12.9208333333	13.1916666667	13.4625	13.7333333333	13.7948924731	13.8564516129	14.0140591398	14.1716666667	14.2624462366	14.3532258065	14.429516129	14.5058064516	14.5846594982	14.6635125448	14.6666666667
12.8931666667	12.9858333333	13.1016666667	13.2175	13.3333333333	13.4416666667	13.55	13.5291666667	13.5083333333	13.7666666667	14.025	14.1092741935	14.1935483871	14.2399325322	14.2863166772	14.288172043
13.1925490196	13.162745098	13.1254901961	13.0882352941	13.0509803922	13.1607843137	13.2705882353	13.4352941176	13.6	13.5958333333	13.5916666667	13.686155914	13.7806451613	13.8612903226	13.9419354839	13.9451612903
13.1870588235	13.1352941176	13.0705882353	13.0058823529	12.9411764706	12.9411764706	12.9411764706	13.0156862745	13.0901960784	13.2	13.3098039216	13.4549019608	13.6	13.6735294118	13.7470588235	13.75
12.6401143791	12.6005718954	12.5511437908	12.5017156863	12.4522875817	12.6745471522	12.8968067227	12.9189915966	12.9411764706	12.9411764706	12.9411764706	13.137254902	13.3333333333	13.4068627451	13.4803921569	13.4833333333
12.2228333333	12.2741666667	12.3383333333	12.4025	12.4666666667	12.4457142857	12.4247619048	12.4744724556	12.5241830065	12.7289822596	12.9337815126	12.964929972	12.9960784314	13.1613994617	13.3267204921	13.3333333333
11.5746921922	11.673460961	11.7969219219	11.9203828829	12.0438438438	12.133033033	12.2222222222	12.3444444444	12.4666666667	12.4631746032	12.4596825397	12.6079925303	12.756302521	12.7926621629	12.8290218048	12.8304761905
10.2896411411	10.5282057057	10.8264114114	11.1246171171	11.4228228228	11.4841599494	11.545497076	11.8111869765	12.0768768769	12.2543114543	12.4317460317	12.4753968254	12.519047619	12.6679738562	12.8169000934	12.8228571429
13.1511111111	12.9555555556	12.7111111111	12.4666666667	12.2222222222	11.3216374269	10.4210526316	11.1564722617	11.8918918919	12.0503415503	12.2087912088	12.1282051282	12.0476190476	12.304388422	12.5611577965	12.5714285714
0	0	0	0	0	0	10.4210526316	11.1834992888	11.9459459459	11.8960498961	11.8461538462	11.9468864469	12.0476190476	12.304388422	12.5611577965	12.5714285714
0	0	0	0	0	0	0	0	0	0	11.8461538462	11.9468864469	12.0476190476	12.3773649811	12.7071109145	12.7203007519
0	0	0	0	0	0	0	0	0	0	0	0	0	0	0	0
0 44 0 0
7
0
385000
1145000
2125000
3415000
4835000
5125000
13
0.5
1.0
1.5
2.0
2.5
3.0
3.5
4.0
4.5
5.0
5.5
6.0
6.15
6.15 6.15 6.15 6.15 6.15 6.15 6.15
0.8098758976	0.8207691281	0.836330886	0.8518926439	0.8674544018	0.8830161597	0.8861285113
2.4260609379	2.4587406294	2.5054259031	2.5521111768	2.5987964505	2.6454817242	2.6548187789
4.0208454487	4.0753116013	4.1531203908	4.2309291802	4.3087379697	4.3865467592	4.4021085171
5.6013629398	5.6776155535	5.7865478588	5.895480164	6.0044124693	6.1133447746	6.1351312356
7.1212455976	7.2192846723	7.3593404933	7.4993963144	7.6394521354	7.7795079565	7.8075191207
7.466999508	7.570877868	7.7192755253	7.8676731825	8.0160708398	8.164468497	8.1941480285
5.3533216906	5.4302590304	5.5401695158	5.6500800012	5.7599904865	5.8699009719	5.891883069
5.3137166383	5.3913302867	5.5022069272	5.6130835676	5.7239602081	5.8348368486	5.8570121767
5.0467088656	5.1232185267	5.2325180425	5.3418175583	5.4511170741	5.56041659	5.5822764931
4.7514759475	4.8253908899	4.9309836646	5.0365764393	5.1421692141	5.2477619888	5.2688805438
4.4412359231	4.5140316789	4.6180256157	4.7220195526	4.8260134894	4.9300074263	4.9508062136
4.0904508201	4.1600410488	4.2594556611	4.3588702734	4.4582848858	4.5576994981	4.5775824206
3.4574873596	3.5210195037	3.6117797096	3.7025399154	3.7933001213	3.8840603271	3.9022123683
0 4.4 0 1
1
0
1
1
1
1.8
0 0 0 2
7
0
129000
610000
1425000
2795000
4535000
6565000
22
0.5
1.0
1.5
2.0
2.5
3.0
3.5
4.0
4.5
5.0
5.5
6.0
6.5
7.0
7.5
8.0
8.5
9.0
9.5
10.0
10.5
11.0
11 11 11 11 11 11 11
0.1480287528	0.1534350438	0.1624455288	0.1714560138	0.179635239	0.1883423911	0.1925447302
0.4436717762	0.4598906492	0.4869221042	0.5139535592	0.538493144	0.5646151729	0.577232118
0.7368279056	0.7638593606	0.8089117856	0.8539642106	0.8948756101	0.9384159525	0.9595070699
1.0283261059	1.0661701429	1.1292435379	1.1923169329	1.2496077838	1.3105687305	1.3401737311
1.3127781068	1.3614347258	1.4425290908	1.5236234558	1.5973262141	1.6757175021	1.7140051571
1.5959866609	1.6554558619	1.7545711969	1.8536865319	1.9438069251	2.0396302725	2.0866303651
1.865931781	1.936213564	2.053349869	2.170486174	2.2770852958	2.3903590308	2.446389248
2.1367058657	2.2178002307	2.3529575057	2.4881147807	2.6111888127	2.7419117898	2.8069522762
2.3863413526	2.4782482996	2.6314265446	2.7846047896	2.9242510999	3.0724525295	3.1470095988
2.640536145	2.743255674	2.914454889	3.085654104	3.2418516915	3.4075252733	3.4914897206
1.6404041704	1.7072867884	1.8187578184	1.9302288484	2.0518563676	2.0704537928	2.3118047053
1.6526345819	1.7210711039	1.8351319739	1.9491928439	2.0381998342	2.1087213766	2.2739278637
1.6085908996	1.6775453896	1.7924695396	1.9073936896	2.0357210917	2.1456727281	2.2696750766
1.600667392	1.670657818	1.787308528	1.903959238	1.9929966091	2.1799755905	2.2802536018
1.479586329	1.547504883	1.660702473	1.773900063	1.9036560275	2.1469728817	2.1825675887
1.3953076479	1.4614133139	1.5715894239	1.6817655339	1.860617394	1.9998090006	2.1291178234
1.2052065396	1.2667152396	1.3692297396	1.4717442396	1.5989193289	1.6785261836	1.9120310139
0.9449028003	0.9973470603	1.0847541603	1.1721612603	1.3410452247	1.423184254	1.6996290632
0.6727452554	0.7170315194	0.7908419594	0.8646523994	1.0269250502	1.1726191764	1.3759873335
0.3902511195	0.4239190395	0.4800322395	0.5361454395	0.7462819858	0.9829488987	1.1030502468
-0.0512397686	-0.0336288566	-0.0042773366	0.0250741834	0.3405175255	0.5250980993	0.6276637486
-0.0860487289	-0.0693442609	-0.0415034809	-0.0136627009	0.0344078838	0.0775900417	0.3885506198
0 0 2 4
1
0
52
0.5
1.0
1.5
2.0
2.5
3.0
3.5
4.0
4.5
5.0
5.5
6.0
6.5
7.0
7.5
8.0
8.5
9.0
9.5
10.0
10.5
11.0
11.5
12.0
12.5
13.0
13.5
14.0
14.5
15.0
15.5
16.0
16.5
17.0
17.5
18.0
18.5
19.0
19.5
20.0
20.5
21.0
21.5
22.0
22.5
23.0
23.5
24.0
24.5
25.0
25.5
26.0
26
0.3503701648
1.0508928706
1.750109833
2.4484562998
3.14310327
3.8370973027
4.5241270639
5.2115922923
5.8879587041
6.5667189778
5.162293175
5.4621151336
4.3792750935
4.467955228
4.4989971463
4.5784189339
4.3677352971
4.4126202555
3.9339461487
3.9253952352
3.7095026245
3.6820726864
3.5218288929
3.4836685884
3.038537168
2.9712880331
3.8450809431
3.779822811
4.4233944119
4.4602120755
4.4866779046
4.5222171969
4.5440474836
4.5781098117
4.0481018647
4.051293965
3.8944385507
3.8892781476
3.7663525867
3.7554090001
3.6565555433
3.6415435445
3.5032675036
3.4829734236
3.4165962395
3.3944372496
3.3160062926
3.2917160011
2.9032011368
2.8659934674
2.8080114927
2.7703980586
2 0 0 5
4
0
52891.26
121568.74
199148.14
56
0.5
1.0
1.5
2.0
2.5
3.0
3.5
4.0
4.5
5.0
5.5
6.0
6.5
7.0
7.5
8.0
8.5
9.0
9.5
10.0
10.5
11.0
11.5
12.0
12.5
13.0
13.5
14.0
14.5
15.0
15.5
16.0
16.5
17.0
17.5
18.0
18.5
19.0
19.5
20.0
20.5
21.0
21.5
22.0
22.5
23.0
23.5
24.0
24.5
25.0
25.5
26.0
26.5
27.0
27.5
28.0
28 28 28 28
0.0159684732	0.0172993632	0.0186302532	0.0199611432
0.0478965922	0.0518892622	0.0558819322	0.0598746022
0.0797717472	0.0864261972	0.0930806472	0.0997350972
0.1116115929	0.1209278229	0.1302440529	0.1395602829
0.1433013739	0.1552793839	0.1672573939	0.1792354039
0.174964673	0.189604463	0.204244253	0.218884043
0.1130031868	0.1224992668	0.1319953468	0.1414914268
0.1179395188	0.1278672388	0.1377949588	0.1477226788
0.1110149039	0.1204030739	0.1297912439	0.1391794139
0.1133066425	0.1229106325	0.1325146225	0.1421186125
0.1152698612	0.1250896712	0.1349094812	0.1447292912
0.1174757122	0.1275113422	0.1375469722	0.1475826022
0.115124558	0.1250253005	0.134926043	0.1448267855
0.1166137917	0.1266763992	0.1367390067	0.1468016142
0.1176403056	0.1278647781	0.1380892506	0.1483137231
0.1190397152	0.1294260527	0.1398123902	0.1501987277
0.1145122263	0.1246018113	0.1346913963	0.1447809813
0.115209333	0.125406828	0.135604323	0.145801818
0.1153091659	0.1256145709	0.1359199759	0.1462253809
0.1159189539	0.1263322689	0.1367455839	0.1471588989
0.1092702393	0.1192249368	0.1291796343	0.1391343318
0.1092027748	0.1192114273	0.1292200798	0.1392287323
0.1084074162	0.1184700237	0.1285326312	0.1385952387
0.1082615795	0.118378142	0.1284947045	0.138611267
0.0918335996	0.1006552421	0.1094768846	0.1182985271
0.0904849928	0.0992526803	0.1080203678	0.1167880553
0.0883000632	0.0970137957	0.1057275282	0.1144412607
0.0869074396	0.0955672171	0.1042269946	0.1128867721
0.0757797363	0.0836032113	0.0914266863	0.0992501613
0.0738129252	0.0815284902	0.0892440552	0.0969596202
0.0709131559	0.0785208109	0.0861284659	0.0937361209
0.0689277355	0.0764274805	0.0839272255	0.0914269705
0.0560824888	0.0625840663	0.0690856438	0.0755872213
0.0535837185	0.059923431	0.0662631435	0.072602856
0.0500750486	0.0562528961	0.0624307436	0.0686085911
0.0475895191	0.0536055016	0.0596214841	0.0656374666
0.0765891033	0.0854377233	0.0942863433	0.1031349633
0.0755033419	0.0843519619	0.0932005819	0.1020492019
0.0732731234	0.0821217434	0.0909703634	0.0998189834
0.0721286719	0.0809772919	0.0898259119	0.0986745319
0.1049725372	0.1171393897	0.1293062422	0.1414730947
0.10502387	0.1173525875	0.129681305	0.1420100225
0.1037457287	0.1162363112	0.1287268937	0.1412174762
0.1036471158	0.1162995633	0.1289520108	0.1416044583
0.089604295	0.10120462	0.112804945	0.12440527
0.088978734	0.100686969	0.112395204	0.124103439
0.0868741107	0.0986902557	0.1105064007	0.1223225457
0.0861211495	0.0980452045	0.1099692595	0.1218933145
0.0705783342	0.0812884017	0.0919984692	0.1027085367
0.0693735752	0.0801375977	0.0909016202	0.1016656427
0.0665541224	0.0773720999	0.0881900774	0.0990080549
0.0652509502	0.0761228827	0.0869948152	0.0978667477
0.0346070091	0.0426732816	0.0507395541	0.0588058266
0.0326722202	0.0406845377	0.0486968552	0.0567091727
0.0290343752	0.0369927377	0.0449511002	0.0529094627
0.02707561	0.0349800175	0.042884425	0.0507888325
0 0 2 6
