6
16
0
786000
1703000
2740000
3907000
5197000
6621000
8205000
9946000
11861000
13993500
16270000
18751000
21359000
24090730
24200000
1
6.4
6.1 6.1 6.1 6.1 6.1 6.1 6.2 6.2 6.2 6.2 6.3 6.3 6.3 6.3 6.3 6.4
13.2345098039	13.3725490196	13.5450980392	13.7176470588	13.8901960784	13.9043722328	13.9185483871	14.0359408602	14.1716666667	14.2917204301	14.4301075269	14.4750537634	14.52	14.6700426257	14.8200852515	14.8260869565
0 44 0 0
7
0
385000
1145000
2125000
3415000
4835000
5125000
1
6.15
6.15 6.15 6.15 6.15 6.15 6.15 6.15
7.466999508	7.570877868	7.7192755253	7.8676731825	8.0160708398	8.164468497	8.1941480285
0 4.4 0 1
1
0
1
1
1
1.8
0 0 0 2
7
0
129000
610000
1425000
2795000
4535000
6565000
1
11.0
11 11 11 11 11 11 11
2.640536145	2.743255674	2.914454889	3.085654104	3.2418516915	3.4075252733	3.4914897206
0 0 2 4
1
0
1
0.5
26.0
26
6.5667189778
2 0 0 5
4
0
52891.26
121568.74
199148.14
1
28.0
28 28 28 28
0.10502387	0.1173525875	0.129681305	0.1420100225
0 0 2 6
